##### example #####
#N	Sharpness   Policy
4   0.854507    4.91056 5.44221 5.73905 5.87313 
5   0.888902    4.92427 5.46181 5.76412 5.88404 5.95493 
6   0.90593		4.9164  5.46353 5.75503 5.89696 5.95538 6.05514 
7   0.920337    4.91471 5.48735 5.72474 5.8765  5.94925 6.06185 6.14271 
8   0.932388    4.88864 5.45983 5.72587 5.88542 5.94729 6.06073 6.12173 6.17251 
9   0.941697    4.87251 5.45756 5.74001 5.90138 5.95748 6.04226 6.13899 6.16975 6.07994 
10  0.941703    4.86374 5.42822 5.74102 5.87777 5.96852 6.04537 6.13999 6.13744 6.0704  6.25615 

#N	Sharpness 	Mean 		Policy
4	0.55758		0.930893	1.67658	3.92869	5.93521	5.91206	
5	0.62325		0.884873	1.70609	4.07387	5.68319	5.91822	5.82327	
6	0.633534	0.90361		1.66081	4.00866	5.50312	5.78163	5.7043	5.82355	
7	0.679579	0.902821	1.30036	4.02022	5.57715	5.70431	5.77792	6.02535	5.98406	
8	0.700606	0.916217	1.30559	3.99906	5.54782	5.69435	5.80437	6.01888	5.99295	5.89204	
9	0.725158	0.921379	1.32276	4.01932	5.56933	5.70304	5.77957	6.01073	5.98593	5.92129	6.09762	
10	0.737467	0.901008	1.33473	4.00134	5.59883	5.71288	5.77582	6.03797	5.97209	5.9016	6.12018	6.05445	

#N 	Sharpness 	Mean 		Policy
4	0.5601		-2.25154	1.59042	0.565666 3.92329	2.76479	

#N 	Sharpness 	Mean 		Policy
4	0.550989	0.887642	2.04364	0.937053	0.644481	3.72114	

#N	Sharpness 	Mean 		Policy
4	0.541682	-2.28845	1.46888	0.649871	0.434661	0.554585

#N 	 Sharpness 	Mean 		Policy
4	0.571469	0.882291	1.48453	0.766153	0.567304	3.80315	

#N 	 Sharpness 	Mean 		Policy
4	0.584887	0.870545	1.32082	0.635982	0.650221	3.55377	

#N 	 Sharpness 	Mean 		Policy
4	0.578977	-2.24479	1.7872	0.79341	0.480046	0.577042	

#N 	 Sharpness 	 Mean 		Policy
4	0.573583	0.902031	1.64376	0.953057	0.732589	3.77886	

#N 	 Sharpness 	 Mean 		Policy
4	0.565338	-2.26047	1.58389	0.944425	0.556432	0.370861	

#N 	 Sharpness 	 Mean 		Policy
4	0.568508	-2.26556	2.05985	0.97954	0.660192	0.526812

#N 	 Sharpness 	 Mean 		Policy
4	0.573081	0.867369	1.63427	0.828422	0.757241	3.57151	

#N 	 Sharpness 	 Mean 		Policy
4	0.585789	-2.27394	1.66982	0.75756	0.700563	0.378485	
4	0.565838	-2.22013	1.45627	0.81614	0.468576	0.590541	

#N 	 Sharpness 	 Mean 		Policy
4	0.476161	0.93577		4.60803	2.09874	1.28782	3.99307	

#N 	 Sharpness 	 Mean 		Policy
4	0.456314	0.961564	5.1714	4.98636	3.13766	4.12423	

#N	Sharpness 	 Mean 		Policy
4	0.47478		-2.31885	0.926169	4.16143	0.00134227	2.73881	
5	0.52816		0.918431	0.949441	4.13867	0.0265224	2.73736	3.48064	
6	0.572462	-2.21346	0.948535	4.15841	0.0472346	2.72088	3.49794	2.70051	
7	0.606034	0.883382	0.953288	4.13556	0.0398224	2.72958	3.47018	2.68313	3.4536	
8	0.641945	-2.24068	0.946493	4.15564	0.0211274	2.74654	3.45608	2.68715	3.45333	2.93824	
9	0.67955		0.889632	0.974473	4.12685	0.0105973	2.75644	3.47367	2.69042	3.42306	2.91757	3.51098	
10	0.699678	-2.25235	0.959454	4.15117	0.00562413	2.73294	3.45382	2.7036	3.39412	2.93725	3.49538	2.74682

#N 	Sharpness 	 Mean 		Policy
4	0.531185	-2.24836	2.2067	4.35683	2.42626	0.755509	
5	0.583444	-2.2503		2.17729	4.34094	2.40644	0.762077	0.286504	
6	0.625328	-2.24154	2.15253	4.33209	2.37867	0.775693	0.291785	0.483602	
7	0.656392	-2.2316		2.13615	4.35598	2.38906	0.78135	0.276908	0.485862	0.386407	
8	0.684273	-2.24483	2.15574	4.35828	2.36455	0.775242	0.25931	0.515968	0.397384	0.156087	
9	0.699737	-2.24511	2.12539	4.33477	2.37833	0.773302	0.244095	0.509168	0.375103	0.184433	0.258508	
10	0.723645	-2.24305	2.1261	4.34792	2.34904	0.744609	0.234729	0.481483	0.382634	0.193368	0.269841	0.367735	

#N 	Sharpness	Mean 		Policy
4	0.464392	0.894588	1.43278	0.167784	0.274783	3.31964	
5	0.527057	-2.24665	1.44138	0.17204	0.269696	3.28862	2.69018	
6	0.570258	0.905		1.42554	0.151081	0.238896	3.29015	2.71045	3.43512	

#N	Sharpness 	Mean 		Policy
4	0.509221	0.896951	4.03047	2.15972	3.37639	5.42509	
4	0.477856	0.901016	6.10275	1.28436	4.26728	5.93554	
4	0.569766	-2.25662	1.7981	0.805075	0.742976	0.44454	
4	0.570101	0.900557	1.58097	0.793284	0.74092	3.65583	
4	0.580743	0.864798	1.41719	0.780205	0.618726	3.5858	
4	0.555847	-2.27023	1.86088	0.783118	0.500809	0.585669	
4	0.558367	-2.28707	2.10338	0.813668	0.777198	0.47474	

#N 	 Sharpness 	 Mean 		Policy
4	0.572545	0.907869	1.38177	0.77178	0.482751	3.46647	
4	0.558566	0.890735	1.88198	0.590995	0.576288	3.57407	



2020.1.29 DE
#N 	Sharpness 	Mean 		Policy
4	0.578246	0.908948	1.20888	1.0411	0.481962	3.63792	
4	0.554802	0.929871	4.27961	5.54405	5.51728	5.73834	
5	0.623641	0.877889	4.29067	5.55225	5.52233	5.75402	5.87615	
6	0.652485	0.912543	4.316	5.52032	5.55939	5.78557	5.8507	5.93369	
7	0.676913	0.91306		4.31928	5.52521	5.57326	5.81151	5.87297	5.91943	5.99488	
8	0.706984	0.894138	4.30616	5.49596	5.55222	5.78133	5.85624	5.90101	5.96947	6.06374	
9	0.704989	0.907956	4.28481	5.50485	5.58024	5.79043	5.86497	5.87569	5.98612	6.03522	6.24032	
10	0.716811	0.904755	4.28803	5.50725	5.58567	5.79726	5.89368	5.87071	6.00141	6.02978	6.24949	5.84428	

#N 	Sharpness 	Mean 		Policy
4	0.571498	0.908011	4.4255	2.24743	3.7185	5.88322	
5	0.614552	0.903129	4.44076	2.25053	3.70253	5.87092	5.81584	
6	0.658688	0.905901	4.4629	2.25036	3.72306	5.8742	5.82179	5.88632	
7	0.686593	0.911659	4.46314	2.25238	3.70063	5.87929	5.82863	5.88524	5.93403	
8	0.702695	0.898191	4.48659	2.27438	3.70651	5.88229	5.81911	5.87414	5.96342	5.91826	

#N 	 Sharpness 	 Mean 		Policy
4	0.566072	0.956014	5.07315	5.37143	2.56558	3.51117	
4	0.578407	0.949711	4.54746	2.38534	0.538369	3.57634	
4	0.562236	0.965066	1.56007	3.9263	5.63113	5.78858	
5	0.613602	0.905032	1.56317	3.92793	5.6081	5.77163	6.03543	
6	0.659399	0.895143	1.55274	3.93733	5.5798	5.78303	6.01583	5.87195	
7	0.684048	0.909754	1.55814	3.97364	5.60226	5.76351	6.02463	5.8752	5.97454	
8	0.692111	0.918652	1.5652	3.97065	5.60552	5.73731	6.02053	5.89059	5.98188	5.81853	
9	0.714624	0.904871	1.58892	3.96248	5.6085	5.74912	6.04182	5.88392	5.95222	5.83506	5.88284	
10	0.745256	0.894097	1.58899	3.94838	5.61934	5.76688	6.05196	5.8877	5.93802	5.82599	5.88769	6.04767	

#N	Sharpness	Mean		Policy
4	0.571353	0.942121	1.71386	0.803193	3.86143	5.78292	
5	0.619047	0.924434	1.73627	0.832841	3.86783	5.79537	5.77817	
6	0.655504	0.873834	1.73816	0.803048	3.84202	5.80908	5.8012	5.98785	
7	0.679295	0.898055	1.78007	0.818995	3.82898	5.7951	5.78788	5.96796	5.87198	
8	0.693674	0.897522	1.75574	0.815836	3.84552	5.77917	5.80871	5.97137	5.88507	5.89026	

#N	Sharpness	Mean		Policy
4	0.565054	0.937816	1.9453	0.559271	0.867448	3.77131	
4	0.572744	0.931493	4.77751	2.43099	3.8919	5.82872	
5	0.617815	0.886635	4.7946	2.44538	3.89162	5.85365	5.89894	
6	0.658028	0.913931	4.81991	2.41088	3.86386	5.82901	5.87112	5.95829	
7	0.68022		0.909487	4.82475	2.4171	3.84262	5.83441	5.88091	5.9451	5.82989	
8	0.703651	0.925543	4.82307	2.40387	3.86715	5.81162	5.86605	5.92825	5.79906	6.14094	
9	0.723229	0.910967	4.8238	2.42473	3.87534	5.80215	5.84526	5.91738	5.8218	6.11885	5.92577	
10	0.742473	0.897335	4.84236	2.39985	3.86376	5.82068	5.83336	5.91813	5.81177	6.11765	5.94837	6.06415	
